N	O	Ar	He	H	C	totall
0.755349173	0.231590206	0.012884329	7.24258E-07	0	0.000175569	1.167407023
0.755348236	0.231591157	0.012884313	7.24257E-07	0	0.000175569	1.058240693
0.755347573	0.231591832	0.012884302	7.24257E-07	0	0.00017557	0.957090178
0.755347466	0.231591941	0.0128843	7.24256E-07	0	0.00017557	0.863539018
0.755346692	0.231592727	0.012884287	7.24256E-07	0	0.00017557	0.777173966
0.755347721	0.231591681	0.012884304	7.24257E-07	0	0.00017557	0.697606609
0.75534511	0.231594335	0.01288426	7.24254E-07	0	0.000175572	0.624442816
0.75535043	0.231588927	0.01288435	7.24259E-07	0	0.000175568	0.557324729
0.755334986	0.231604624	0.012884087	7.24244E-07	0	0.00017558	0.495898659
0.755399134	0.231539431	0.012885181	7.24306E-07	0	0.00017553	0.439757332
0.755122151	0.231820925	0.012880456	7.2404E-07	0	0.000175743	0.388809624
0.755059305	0.231884795	0.012879384	7.2398E-07	0	0.000175792	0.33783968
0.755440066	0.231497831	0.012885879	7.24345E-07	0	0.000175499	0.288583084
0.755313364	0.231626597	0.012883718	7.24224E-07	0	0.000175596	0.246683955
0.755352829	0.23158649	0.012884391	7.24262E-07	0	0.000175566	0.210830888
0.755339428	0.231600109	0.012884163	7.24249E-07	0	0.000175576	0.180209861
0.75534572	0.231593715	0.01288427	7.24255E-07	0	0.000175571	0.154042165
0.7553414	0.231598105	0.012884196	7.24251E-07	0	0.000175575	0.131680294
0.755350977	0.231588372	0.01288436	7.2426E-07	0	0.000175567	0.112569008
0.755312098	0.231627884	0.012883696	7.24223E-07	0	0.000175597	0.096242057
0.755315018	0.231624916	0.012883746	7.24225E-07	0	0.000175595	0.082129761
0.75535625	0.231583013	0.01288445	7.24265E-07	0	0.000175563	0.069944712
0.755338512	0.23160104	0.012884147	7.24248E-07	0	0.000175577	0.059617051
0.755344848	0.231594601	0.012884255	7.24254E-07	0	0.000175572	0.050852729
0.75534316	0.231596316	0.012884226	7.24252E-07	0	0.000175573	0.043410206
0.75534314	0.231596337	0.012884226	7.24252E-07	0	0.000175573	0.037084862
0.755343447	0.231596025	0.012884231	7.24253E-07	0	0.000175573	0.031705157
0.755343415	0.231596057	0.012884231	7.24253E-07	0	0.000175573	0.027125998
0.755344316	0.231595141	0.012884246	7.24253E-07	0	0.000175572	0.023225317
0.755341326	0.23159818	0.012884195	7.24251E-07	0	0.000175575	0.01990017
0.755354021	0.231585278	0.012884412	7.24263E-07	0	0.000175565	0.017063014
0.755296714	0.231643519	0.012883434	7.24208E-07	0	0.000175609	0.014642304
0.755352114	0.231587217	0.012884379	7.24261E-07	0	0.000175566	0.012540364
0.755355642	0.231583631	0.012884439	7.24264E-07	0	0.000175564	0.010704408
0.755340785	0.23159873	0.012884186	7.2425E-07	0	0.000175575	0.009153899
0.755343905	0.231595559	0.012884239	7.24253E-07	0	0.000175573	0.007842552
0.755341651	0.23159785	0.012884201	7.24251E-07	0	0.000175574	0.006731474
0.755344259	0.2315952	0.012884245	7.24253E-07	0	0.000175572	0.005788253
0.755344325	0.231595132	0.012884246	7.24253E-07	0	0.000175572	0.004985892
0.755344734	0.231594716	0.012884253	7.24254E-07	0	0.000175572	0.004302124
0.755344197	0.231595263	0.012884244	7.24253E-07	0	0.000175572	0.003718339
0.755343992	0.231595471	0.01288424	7.24253E-07	0	0.000175573	0.003219047
0.755344931	0.231594517	0.012884256	7.24254E-07	0	0.000175572	0.002791279
0.75534363	0.231595839	0.012884234	7.24253E-07	0	0.000175573	0.002424142
0.755347203	0.231592207	0.012884295	7.24256E-07	0	0.00017557	0.002108525
0.755334104	0.23160552	0.012884072	7.24244E-07	0	0.00017558	0.001836794
0.755390777	0.231547923	0.012885038	7.24298E-07	0	0.000175537	0.001602287
0.755244682	0.231696399	0.012882546	7.24158E-07	0	0.000175649	0.001402946
0.755362861	0.231576294	0.012884562	7.24271E-07	0	0.000175558	0.00123788
0.755332322	0.23160733	0.012884041	7.24242E-07	0	0.000175582	0.001093234
0.755387619	0.231551133	0.012884985	7.24295E-07	0	0.000175539	0.000965413
0.755218156	0.231723356	0.012882094	7.24132E-07	0	0.00017567	0.000854189
0.75537193	0.231567078	0.012884717	7.2428E-07	0	0.000175551	0.000760831
0.755335837	0.231603758	0.012884101	7.24245E-07	0	0.000175579	0.000677627
0.755349743	0.231589627	0.012884339	7.24259E-07	0	0.000175568	0.000602806
0.75534485	0.231594599	0.012884255	7.24254E-07	0	0.000175572	0.000535598
0.755345392	0.231594048	0.012884264	7.24254E-07	0	0.000175571	0.000475303
0.755346955	0.231592459	0.012884291	7.24256E-07	0	0.00017557	0.000421274
0.755346387	0.231593037	0.012884281	7.24255E-07	0	0.000175571	0.000372906
0.755346937	0.231592478	0.012884291	7.24256E-07	0	0.00017557	0.000329663
0.7553464	0.231593024	0.012884282	7.24255E-07	0	0.000175571	0.000291045
0.755346861	0.231592555	0.012884289	7.24256E-07	0	0.00017557	0.000256602
0.755347225	0.231592185	0.012884296	7.24256E-07	0	0.00017557	0.000225921
0.755345395	0.231594045	0.012884264	7.24254E-07	0	0.000175571	0.000198623
0.755346818	0.231592598	0.012884289	7.24256E-07	0	0.00017557	0.000174372
0.755345055	0.23159439	0.012884259	7.24254E-07	0	0.000175572	0.000152851
0.755345225	0.231594218	0.012884261	7.24254E-07	0	0.000175572	0.000133784
0.755347807	0.231591594	0.012884306	7.24257E-07	0	0.00017557	0.000116914
0.755344819	0.23159463	0.012884255	7.24254E-07	0	0.000175572	0.000102005
0.755348737	0.231590649	0.012884321	7.24258E-07	0	0.000175569	8.88542E-05
0.755346545	0.231592877	0.012884284	7.24256E-07	0	0.000175571	7.72676E-05
0.755356261	0.231583002	0.01288445	7.24265E-07	0	0.000175563	6.7067E-05
0.755317839	0.231622049	0.012883794	7.24228E-07	0	0.000175593	5.79924E-05
0.755358393	0.231580835	0.012884486	7.24267E-07	0	0.000175561	5.00094E-05
0.755341637	0.231597864	0.0128842	7.24251E-07	0	0.000175574	4.30697E-05
0.755345431	0.231594009	0.012884265	7.24255E-07	0	0.000175571	3.70428E-05
0.75534392	0.231595544	0.012884239	7.24253E-07	0	0.000175573	3.18155E-05
0.755344988	0.231594459	0.012884257	7.24254E-07	0	0.000175572	2.72876E-05
0.755344029	0.231595433	0.012884241	7.24253E-07	0	0.000175573	2.33705E-05
0.755344995	0.231594452	0.012884258	7.24254E-07	0	0.000175572	1.99867E-05
0.755344995	0.231594452	0.012884258	7.24254E-07	0	0.000175572	1.70673E-05
0.755345817	0.231593616	0.012884272	7.24255E-07	0	0.000175571	1.45524E-05
0.755343472	0.231595998	0.012884231	7.24253E-07	0	0.000175574	1.23886E-05
0.755338239	0.231601324	0.012884141	7.24247E-07	0	0.000175572	1.05302E-05
0.755366029	0.231573085	0.012884586	7.2427E-07	0	0.000175576	8.93582E-06
0.755060035	0.231885538	0.012878198	7.23896E-07	0	0.000175506	7.57492E-06
0.755457456	0.231664401	0.012877415	7.28184E-07	0	0	6.37529E-06
0.755514289	0.231621431	0.012863542	7.38051E-07	0	0	5.33353E-06
0.755435369	0.231735208	0.012828673	7.49811E-07	0	0	4.46524E-06
0.755436809	0.231770978	0.012791449	7.64816E-07	0	0	3.73784E-06
0.755460484	0.231797583	0.01274115	7.83617E-07	0	0	3.12903E-06
0.755573484	0.231748703	0.012677006	8.07236E-07	0	0	2.6187E-06
0.755802248	0.231602046	0.012594869	8.36516E-07	0	0	2.18978E-06
0.756214088	0.23129124	0.0124938	8.72406E-07	0	0	1.82944E-06
0.756836634	0.230791252	0.012371198	9.16078E-07	0	0	1.5271E-06
0.757727707	0.230043304	0.01222802	9.68165E-07	0	0	1.27392E-06
0.758864066	0.229075062	0.012059842	1.03032E-06	0	0	1.06203E-06
0.760283461	0.227850708	0.011864729	1.10313E-06	0	0	8.85218E-07
0.761807103	0.226549385	0.011642324	1.18817E-06	0	0	7.37404E-07
0.763708108	0.224905666	0.011384938	1.28754E-06	0	0	6.14628E-07
0.769726556	0.219759212	0.010512582	1.65004E-06	0	0	3.72227E-07
0.781629059	0.209909409	0.008458686	2.84571E-06	0	0	1.55331E-07
0.787398523	0.206340464	0.006255738	5.27479E-06	0	0	6.52786E-08
0.784229684	0.211088441	0.0046728	9.07405E-06	0	0	3.10939E-08
0.775326865	0.220940641	0.003718396	1.40983E-05	0	0	1.70018E-08
0.763662096	0.233233485	0.00308404	2.03793E-05	0	0	1.02885E-08
0.750716847	0.246638038	0.002617108	2.80071E-05	0	0	6.69048E-09
0.737029189	0.260681989	0.002251712	3.71104E-05	0	0	4.58466E-09
0.722785955	0.275210265	0.00195597	4.78108E-05	0	0	3.26949E-09
0.708026142	0.290202225	0.001711371	6.0262E-05	0	0	2.40594E-09
0.692853056	0.305565973	0.001505718	7.4605E-05	6.47737E-07	0	1.81593E-09
0.677299108	0.321278682	0.001330465	9.10062E-05	7.38876E-07	0	1.39963E-09
0.661429131	0.337280409	0.001179944	0.000109674	8.41577E-07	0	1.0976E-09
0.645313244	0.353505995	0.001049064	0.000130741	9.57096E-07	0	8.7382E-10
0.628897772	0.370012034	0.000934669	0.000154438	1.08743E-06	0	7.04451E-10
0.612254296	0.386728902	0.000834537	0.000181031	1.23382E-06	0	5.74242E-10
0.595464052	0.403577926	0.000745978	0.000210645	1.39836E-06	0	4.72685E-10
0.578509762	0.420577504	0.000667507	0.000243645	1.58284E-06	0	3.92408E-10
0.56148419	0.437636134	0.000597706	0.000280181	1.78887E-06	0	3.28313E-10
0.544357623	0.454784215	0.000535562	0.000320579	2.01977E-06	0	2.76529E-10
0.52725616	0.471896469	0.000479964	0.00036513	2.27729E-06	0	2.34382E-10
0.510141196	0.48901181	0.000430327	0.000414103	2.56421E-06	0	1.99761E-10
0.49301784	0.506125567	0.000385829	0.000467881	2.88355E-06	0	1.71104E-10
0.476022665	0.523101445	0.000345926	0.000526724	3.23894E-06	0	1.47257E-10
0.459131107	0.539963997	0.00031014	0.000591123	3.63296E-06	0	1.27258E-10
0.442407854	0.556648944	0.000277942	0.000661194	4.06765E-06	0	1.10433E-10
0.425901043	0.573107807	0.000249078	0.000737522	4.55001E-06	0	9.61649E-11
0.409571783	0.589379498	0.00022312	0.000820515	5.0835E-06	0	8.40256E-11
0.393464813	0.605419216	0.000199795	0.000910505	5.67062E-06	0	7.3656E-11
0.377659888	0.621146862	0.000178832	0.0010081	6.31709E-06	0	6.47453E-11
0.362143335	0.636575945	0.000160013	0.001113676	7.03057E-06	0	5.70699E-11
0.346930702	0.65169065	0.000143109	0.001227727	7.81266E-06	0	5.04356E-11
0.332067757	0.666444968	0.00012793	0.001350672	8.67227E-06	0	4.46797E-11
0.317590966	0.680801635	0.000114319	0.001483463	9.61697E-06	0	3.96647E-11
0.303494194	0.694766651	0.000102105	0.0016264	1.06494E-05	0	3.52878E-11
0.289750943	0.708365947	9.11588E-05	0.001780165	1.17863E-05	0	3.14553E-11
0.276447086	0.721513391	8.13347E-05	0.00194517	1.30182E-05	0	2.80951E-11
0.263514133	0.734276364	7.25451E-05	0.002122587	1.43716E-05	0	2.51352E-11
0.251015241	0.746591511	6.46748E-05	0.002312726	1.58468E-05	0	2.25251E-11
0.238963954	0.75844431	5.76246E-05	0.002516655	1.74564E-05	0	2.02178E-11
0.227296399	0.769898091	5.13287E-05	0.002734968	1.92134E-05	0	1.8175E-11
0.216060955	0.780903618	4.56951E-05	0.002968616	2.11164E-05	0	1.63606E-11
0.205273711	0.791443749	4.06689E-05	0.003218671	2.32003E-05	0	1.47462E-11
0.194898574	0.801553763	3.61818E-05	0.00348601	2.54709E-05	0	1.33084E-11
0.184929343	0.811239345	3.21743E-05	0.003771207	2.79302E-05	0	1.2026E-11
0.175381224	0.820483159	2.86008E-05	0.004076411	3.0605E-05	0	1.08785E-11
0.166250584	0.829288819	2.54196E-05	0.004401667	3.35103E-05	0	9.85067E-12
0.157507487	0.837684513	2.25797E-05	0.004748759	3.66617E-05	0	8.93017E-12
0.149153623	0.845667087	2.00555E-05	0.005119147	4.00875E-05	0	8.10231E-12
0.141176682	0.853248561	1.78034E-05	0.005513162	4.37921E-05	0	7.35957E-12
0.13355262	0.860450257	1.58012E-05	0.005933509	4.78137E-05	0	6.68977E-12
0.126328509	0.867224702	1.40222E-05	0.006380599	5.21674E-05	0	6.08622E-12
0.119422815	0.873651796	1.24348E-05	0.006856076	5.68782E-05	0	5.54212E-12
0.112883643	0.879678569	1.10333E-05	0.007364757	6.19978E-05	0	5.04877E-12
0.106616176	0.885402393	9.78315E-06	0.007904122	6.75271E-05	0	4.60375E-12
0.100693715	0.890745143	8.6741E-06	0.008478954	7.35135E-05	0	4.20039E-12
0.0950536	0.895770973	7.68815E-06	0.009087774	7.99658E-05	0	3.83583E-12
0.089707427	0.900462229	6.81322E-06	0.009736574	8.69562E-05	0	3.50461E-12
0.084629025	0.904847142	6.03654E-06	0.010423303	9.44935E-05	0	3.20438E-12
0.079853351	0.90887994	5.34981E-06	0.011158678	0.000102682	0	2.93031E-12
0.075303907	0.912643505	4.7389E-06	0.011936363	0.000111487	0	2.6821E-12
0.071000115	0.916112694	4.19735E-06	0.012761994	0.000120999	0	2.45609E-12
0.066918151	0.919308728	3.71665E-06	0.013638133	0.000131271	0	2.2502E-12
0.063065276	0.922220573	3.29253E-06	0.014568516	0.000142341	0	2.06279E-12
0.059422336	0.924865198	2.91489E-06	0.015555252	0.000154299	0	1.89173E-12
0.055979762	0.927249006	2.5808E-06	0.016601467	0.000167184	0	1.73568E-12
0.05272421	0.929380176	2.28495E-06	0.017712257	0.000181072	0	1.59324E-12
0.04965202	0.931261271	2.0226E-06	0.018888655	0.000196032	0	1.46322E-12
0.04673565	0.932914927	1.79052E-06	0.02013547	0.000212162	0	1.34428E-12
0.04401048	0.934297432	1.58509E-06	0.021460959	0.000229544	0	1.23547E-12
0.041410885	0.935480888	1.40284E-06	0.022858594	0.00024823	0	1.13607E-12
0.038982107	0.936407362	1.24172E-06	0.024340939	0.00026835	0	1.04504E-12
0.03668068	0.937114592	1.09875E-06	0.025913614	0.000290015	0	9.61629E-13
0.034506752	0.937608177	9.7208E-07	0.027570815	0.000313284	0	8.85333E-13
0.032458294	0.937872537	8.60188E-07	0.029329971	0.000338338	0	8.15323E-13
0.030529639	0.937910071	7.61354E-07	0.031194272	0.000365257	0	7.51111E-13
0.028714079	0.937727392	6.73754E-07	0.033163642	0.000394214	0	6.92149E-13
0.026995029	0.937344067	5.95993E-07	0.035235103	0.000425205	0	6.38254E-13
0.025381409	0.93672628	5.2732E-07	0.037433204	0.00045858	0	5.88636E-13
0.023859829	0.93588759	4.66591E-07	0.03975765	0.000494465	0	5.43042E-13
0.022417801	0.934858582	4.12578E-07	0.042190456	0.000532749	0	5.01388E-13
0.021068709	0.933571417	3.6515E-07	0.044785386	0.000574122	0	4.62871E-13
0.019794259	0.932077239	3.22909E-07	0.047509834	0.000618345	0	4.27573E-13
0.018594667	0.930348976	2.85533E-07	0.050390289	0.000665782	0	3.951E-13
0.017466699	0.928389079	2.52548E-07	0.053427271	0.000716698	0	3.65163E-13
0.016410111	0.926184106	2.23421E-07	0.056634388	0.000771171	0	3.3763E-13
0.015405056	0.923770836	1.97592E-07	0.059994555	0.000829355	0	3.12349E-13
0.014460362	0.921126197	1.74658E-07	0.063521685	0.000891581	0	2.89087E-13
0.013573783	0.918215582	1.54442E-07	0.067252243	0.000958237	0	2.67616E-13
0.012737175	0.915059156	1.36519E-07	0.071174274	0.001029259	0	2.47879E-13
0.011949886	0.911649988	1.2067E-07	0.075294795	0.001105211	0	2.29678E-13
0.01121036	0.907979612	1.06644E-07	0.079623532	0.00118639	0	2.12892E-13
0.010513973	0.904051304	9.42358E-08	0.08416176	0.001272869	0	1.97426E-13
0.009856715	0.899860739	8.32761E-08	0.088917295	0.001365168	0	1.83161E-13
0.00924023	0.895371663	7.3586E-08	0.093924601	0.001463433	0	1.70004E-13
0.008660777	0.890603076	6.49784E-08	0.099168129	0.001567953	0	1.5787E-13
0.0081144	0.885572966	5.7362E-08	0.104633276	0.001679301	0	1.46665E-13
0.007598319	0.880256645	5.06549E-08	0.110347361	0.001797624	0	1.36331E-13
0.007113986	0.874632212	4.47291E-08	0.116330145	0.001923612	0	1.26777E-13
0.006660309	0.868700174	3.94745E-08	0.122582175	0.002057302	0	1.17952E-13
0.006232397	0.862458282	3.48307E-08	0.129110222	0.002199065	0	1.09801E-13
0.005831342	0.855893293	3.07247E-08	0.13592602	0.002349314	0	1.02265E-13
0.005452988	0.84900928	2.7095E-08	0.143029379	0.002508326	0	9.53079E-14
0.005096706	0.841827157	2.38925E-08	0.150399128	0.002676985	0	8.88663E-14
0.004763607	0.834291673	2.10602E-08	0.15808931	0.002855388	0	8.29037E-14
0.004449235	0.826426069	1.85564E-08	0.166081311	0.003043366	0	7.73972E-14
0.004154269	0.818257811	1.63452E-08	0.174345679	0.003242225	0	7.22947E-14
0.003876732	0.809745349	1.43871E-08	0.182926593	0.003451312	0	6.75805E-14
0.003616892	0.800907442	1.26704E-08	0.191803779	0.003671874	0	6.3205E-14
0.0033731	0.791721828	1.11518E-08	0.200999494	0.003905567	0	5.91374E-14
0.003143425	0.782261011	9.80399E-09	0.210446267	0.004149288	0	5.53932E-14
0.00292776	0.7724321	8.61853E-09	0.220235044	0.004405087	0	5.1922E-14
0.002726036	0.762268346	7.57369E-09	0.230331497	0.004674113	0	4.86939E-14
0.00253678	0.751826325	6.65265E-09	0.240681249	0.004955639	0	4.57002E-14
0.002359475	0.740927954	5.84217E-09	0.251460015	0.005252551	0	4.29109E-14
0.002194038	0.729786888	5.1277E-09	0.262457087	0.005561982	0	4.03278E-14
0.002038558	0.718439385	4.49727E-09	0.27363831	0.005883742	0	3.79371E-14
0.00189231	0.706669037	3.94348E-09	0.285218137	0.006220512	0	3.57115E-14
0.001755963	0.694665641	3.45558E-09	0.297007574	0.006570818	0	3.36445E-14
0.001629105	0.682382582	3.02605E-09	0.309052671	0.006935638	0	3.17204E-14
0.001509483	0.669866776	2.64919E-09	0.321309373	0.007314366	0	2.99312E-14
0.001397879	0.657117333	2.31802E-09	0.333776679	0.007708106	0	2.82655E-14
0.001294052	0.644137415	2.02662E-09	0.346451484	0.008117047	0	2.67139E-14
0.001196958	0.63100269	1.77117E-09	0.359260432	0.008539919	0	2.52696E-14
0.001106269	0.617571557	1.54671E-09	0.372346747	0.008975425	0	2.39275E-14
0.001021949	0.603957725	1.34996E-09	0.385594266	0.009426059	0	2.26756E-14
0.00094355	0.590279157	1.1777E-09	0.398884452	0.00989284	0	2.15025E-14
0.000870498	0.576505769	1.02673E-09	0.412251173	0.010372558	0	2.04093E-14
0.000802524	0.56250287	8.94593E-10	0.425829861	0.010864744	0	1.93926E-14
0.000739158	0.548411906	7.78662E-10	0.439479738	0.011369198	0	1.84435E-14
0.000680515	0.534365608	6.77706E-10	0.453063218	0.011890658	0	1.75519E-14
0.000626088	0.520250227	5.89451E-10	0.46669969	0.012423993	0	1.67189E-14
0.000575504	0.506128521	5.12202E-10	0.480327069	0.012968905	0	1.59401E-14
0.000528794	0.491932965	4.45008E-10	0.494009862	0.013528378	0	1.52093E-14
0.000485596	0.477777427	3.8629E-10	0.507639139	0.014097838	0	1.45261E-14
0.000445324	0.46372856	3.35095E-10	0.521150369	0.014675746	0	1.38877E-14
0.000408264	0.449644266	2.90498E-10	0.534681844	0.015265625	0	1.32888E-14
0.000374171	0.43581547	2.5173E-10	0.54794153	0.01586883	0	1.27235E-14
0.00034244	0.422087091	2.17988E-10	0.5610917	0.016478769	0	1.21945E-14
0.00031337	0.408369674	1.88683E-10	0.574216021	0.017100934	0	1.16962E-14
0.000286555	0.39490906	1.63209E-10	0.587073809	0.017730576	0	1.1228E-14
0.00026183	0.381601323	1.41077E-10	0.599770691	0.018366155	0	1.07883E-14
0.0002391	0.368452817	1.21884E-10	0.612295883	0.019012199	0	1.03733E-14
0.000218229	0.355498986	1.05262E-10	0.624615285	0.0196675	0	9.98193E-15
0.000199064	0.342770091	9.08634E-11	0.636704271	0.020326574	0	9.61284E-15
0.000181477	0.3302854	7.83935E-11	0.648542368	0.020990755	0	9.26475E-15
0.000165335	0.31807604	6.75936E-11	0.660096663	0.021661962	0	8.93595E-15
0.000150529	0.306144728	5.82598E-11	0.67136448	0.022340262	0	8.62501E-15
0.000136991	0.29449344	5.01862E-11	0.68234836	0.023021208	0	8.33138E-15
0.000124631	0.283080956	4.32158E-11	0.69308715	0.023707262	0	8.0527E-15
0.000113323	0.271955698	3.72006E-11	0.703530479	0.0244005	0	7.78852E-15
0.000102966	0.261111547	3.20016E-11	0.713694322	0.025091165	0	7.53854E-15
9.35327E-05	0.250573481	2.75211E-11	0.723543916	0.02578907	0	7.30078E-15
8.49247E-05	0.240342993	2.36639E-11	0.733080804	0.026491278	0	7.07526E-15
7.70863E-05	0.230415119	2.03389E-11	0.742317192	0.027190603	0	6.86103E-15
6.99225E-05	0.220788685	1.7475E-11	0.751244832	0.02789656	0	6.65694E-15
6.33926E-05	0.21145079	1.50065E-11	0.759881375	0.028604443	0	6.46235E-15
5.74646E-05	0.202430651	1.28839E-11	0.768198335	0.029313549	0	6.2768E-15
5.20673E-05	0.193710959	1.10596E-11	0.776212015	0.030024958	0	6.10034E-15
4.71663E-05	0.185270802	9.49031E-12	0.783944827	0.030737205	0	5.93163E-15
4.27102E-05	0.177146108	8.14163E-12	0.791358049	0.031453133	0	5.77064E-15
3.86616E-05	0.169305461	6.98313E-12	0.798487466	0.032168412	0	5.61681E-15
3.49857E-05	0.161758157	5.98874E-12	0.80532031	0.032886547	0	5.46921E-15
3.16536E-05	0.154509517	5.13403E-12	0.811855569	0.03360326	0	5.32818E-15
2.86304E-05	0.147510331	4.40074E-12	0.818141945	0.034319094	0	5.19305E-15
2.58923E-05	0.140774012	3.77225E-12	0.82415882	0.035041275	0	5.06321E-15
2.34092E-05	0.134333577	3.23254E-12	0.82988055	0.035762464	0	4.93853E-15
2.11543E-05	0.128127513	2.76885E-12	0.83536482	0.036486512	0	4.81906E-15
1.91188E-05	0.122198106	2.37254E-12	0.840572661	0.037210115	0	4.70418E-15
1.72779E-05	0.116529747	2.03289E-12	0.845519439	0.037933537	0	4.59373E-15
1.56128E-05	0.111067266	1.74127E-12	0.850258371	0.038658751	0	4.48723E-15
1.41023E-05	0.105826384	1.49109E-12	0.854775741	0.039383772	0	4.38457E-15
1.27371E-05	0.100796424	1.2768E-12	0.859077526	0.040113313	0	4.2857E-15
1.15008E-05	0.096032216	1.09343E-12	0.863111814	0.040844469	0	4.19013E-15
1.03812E-05	0.091492313	9.36267E-13	0.866924406	0.0415729	0	4.09813E-15
9.37304E-06	0.087089014	8.01796E-13	0.870592483	0.04230913	0	4.00908E-15
8.46057E-06	0.082903075	6.86532E-13	0.874046575	0.04304189	0	3.92333E-15
7.63651E-06	0.078929267	5.87737E-13	0.8772872	0.043775897	0	3.84027E-15
6.89265E-06	0.075106285	5.03301E-13	0.880366552	0.04452027	0	3.75959E-15
6.221E-06	0.071478682	4.31053E-13	0.883255316	0.045259781	0	3.68186E-15
